((("print_list" .
   [0 0 0 0 1 3 1 0 0 0])
  ("list" .
   [8 0 0 0])
  ("Double" .
   [1 0 0 0 0 0])
  ("defmodule" .
   [0 0 0 0 0 0 0 1 0])
  ("Rec" .
   [4 0 0])
  ("to_string" .
   [0 0 0 0 2 0 1 0 0])
  ("puts" .
   [3 0 0 0])
  ("IO" .
   [4 0])
  ("is_function" .
   [0 0 0 0 0 1 0 0 0 0 0])
  ("def" .
   [4 0 0])
  ("double_each" .
   [0 0 0 0 0 0 0 0 3 0 0])
  ("tail" .
   [7 0 0 0])
  ("head" .
   [9 0 0 0])
  ("foo" .
   [5 0 0])
  ("when" .
   [5 0 0 0])
  ("double" .
   [0 0 0 1 0 2])
  ("end" .
   [8 0 0])
  ("do" .
   [8 0])
  ("melpa-stable" .
   [0 0 0 1 0 0 0 0 0 0 0 0])
  (":pin" .
   [1 0 0 0])
  ("fd" .
   [3 0])
  ("fich" .
   [4 0 0 0])
  ("DT_DIR" .
   [2 0 0 0 0 0])
  ("switch" .
   [0 0 0 0 1 0])
  ("d_name" .
   [0 0 0 0 4 0])
  ("a" .
   [1])
  ("printf" .
   [2 0 0 0 1 0])
  ("d_type" .
   [0 0 0 0 2 0])
  ("continue" .
   [0 0 0 0 0 0 0 1])
  ("readdir" .
   [1 0 0 0 0 0 0])
  ("stdlib" .
   [1 0 0 0 1 0])
  ("exit" .
   [2 0 0 0])
  ("argc" .
   [2 0 0 0])
  ("stdio" .
   [0 0 0 1 1])
  ("s" .
   [1])
  ("include" .
   [0 0 0 0 0 0 2])
  ("argv" .
   [2 0 0 0])
  ("opendir" .
   [1 0 0 0 0 0 0])
  ("ent" .
   [10 0 0])
  ("NULL" .
   [4 0 0 0])
  ("dir" .
   [4 0 0])
  ("DIR" .
   [1 0 0])
  ("dirent" .
   [2 0 0 0 0 0])
  ("main" .
   [2 0 0 0])
  (":init" .
   [1 0 0 0 0])
  ("company" .
   [2 0 0 0 0 0 0])
  ("require" .
   [3 0 0 0 0 0 0])
  ("elm-settings" .
   [0 0 0 0 0 0 0 1 0 0 0 0])
  ("package-require" .
   [0 0 0 0 0 0 0 0 0 0 1 0 0 0 0])
  ("buffer_out" .
   [1 0 0 0 0 0 0 0 1 0])
  ("chars_leidos" .
   [0 0 0 0 0 1 0 0 0 0 0 0])
  ("errno" .
   [3 0 0 0 0])
  ("buffer_in" .
   [0 0 0 0 0 0 0 0 1])
  ("fprintf" .
   [3 0 0 0 1 0 0])
  ("stderr" .
   [5 0 0 0 0 0])
  ("close" .
   [4 0 0 0 0])
  ("pipe" .
   [1 0 0 0])
  ("pipe_fd" .
   [0 0 0 0 0 1 0])
  ("nombre" .
   [2 0 0 0 0 0])
  ("nombre_dir" .
   [2 0 0 0 0 0 0 0 0 0])
  ("stdout" .
   [1 0 0 0 0 0])
  ("buff" .
   [1 0 0 0])
  ("filtros" .
   [1 0 0 0 0 0 0])
  ("helm-settings" .
   [0 0 0 0 0 0 0 0 0 0 1 0 0])))
